%YAML:1.0
calibration_time: "Di 11 Okt 2016 23:53:04 CEST"
image_width: 640
image_height: 480
flags: 0
camera_matrix: !!opencv-matrix
   rows: 3
   cols: 3
   dt: d
   data: [ 3.5211336805097180e+03, 0., -3.0120368881401189e+00, 0.,
       3.5180836445709574e+03, 2.1378234486578887e+02, 0., 0., 1. ]
distortion_coefficients: !!opencv-matrix
   rows: 1
   cols: 5
   dt: d
   data: [ -3.6596454825152307e+00, 1.1387356735801585e+02,
       2.0952836912419840e-02, 1.2338487802129314e-01,
       -1.9626193513688918e+03 ]
avg_reprojection_error: 1.5745883536955136e+00
