%YAML:1.0
calibration_time: "Mi 12 Okt 2016 20:46:22 CEST"
image_width: 640
image_height: 480
flags: 0
camera_matrix: !!opencv-matrix
   rows: 3
   cols: 3
   dt: d
   data: [ 8.1970050788845026e+02, 0., 2.8462110286330068e+02, 0.,
       7.9601533915336063e+02, 1.6172522785882651e+02, 0., 0., 1. ]
distortion_coefficients: !!opencv-matrix
   rows: 1
   cols: 5
   dt: d
   data: [ 6.4261396915948647e-03, -6.2716102993336298e-01,
       7.2832993879969410e-03, 1.6467654816669760e-03,
       1.3613816431096968e+00 ]
avg_reprojection_error: 1.4984564461816263e+00
